bits: 2048
nu,z,terms
0,724,696
0.03125,724,696
0.06250,724,696
0.09375,724,696
0.12500,724,695
0.15625,724,695
0.18750,724,694
0.21875,724,693
0.25000,724,692
0.28125,724,699
0.31250,724,697
0.34375,724,695
0.37500,724,693
0.40625,724,698
0.43750,724,693
0.46875,724,693
0.50000,724,693
0.53125,724,693
0.56250,724,693
0.59375,724,690
0.62500,724,693
0.65625,724,688
0.68750,724,689
0.71875,724,691
0.75000,724,692
0.78125,724,686
0.81250,724,687
0.84375,724,687
0.87500,724,688
0.90625,724,688
0.93750,724,688
0.96875,724,688
1.00000,724,682
1.03125,724,682
1.06250,724,682
1.09375,724,682
1.12500,724,682
1.15625,724,681
1.18750,724,681
1.21875,724,680
1.25000,724,679
1.28125,724,679
1.31250,724,673
1.34375,724,672
1.37500,724,670
1.40625,724,668
1.43750,724,666
1.46875,724,662
1.50000,4,1
1.53125,724,662
1.56250,724,666
1.59375,724,668
1.62500,724,670
1.65625,724,672
1.68750,724,673
1.71875,724,674
1.75000,724,674
1.78125,724,670
1.81250,724,671
1.84375,724,671
1.87500,724,671
1.90625,724,672
1.93750,724,672
1.96875,724,672
2.00000,724,672
2.03125,724,672
2.06250,724,672
2.09375,724,672
2.12500,724,671
2.15625,724,671
2.18750,724,671
2.21875,724,670
2.25000,724,670
2.28125,724,669
2.31250,724,668
2.34375,724,667
2.37500,724,666
2.40625,724,664
2.43750,724,658
2.46875,724,655
2.50000,4,2
2.53125,724,655
2.56250,724,658
2.59375,724,660
2.62500,724,662
2.65625,724,663
2.68750,724,664
2.71875,724,665
2.75000,724,665
2.78125,724,666
2.81250,724,666
2.84375,724,667
2.87500,724,667
2.90625,724,667
2.93750,724,667
2.96875,724,667
3.00000,724,668
3.03125,724,667
3.06250,724,667
3.09375,724,667
3.12500,724,667
3.15625,724,667
3.18750,724,666
3.21875,724,666
3.25000,724,665
3.28125,724,665
3.31250,724,664
3.34375,724,663
3.37500,724,662
3.40625,724,657
3.43750,724,655
3.46875,724,651
3.50000,4,2
3.53125,724,651
3.56250,724,655
3.59375,724,657
3.62500,724,658
3.65625,724,659
3.68750,724,660
3.71875,724,661
3.75000,724,662
3.78125,724,662
3.81250,724,662
3.84375,724,663
3.87500,724,663
3.90625,724,663
3.93750,724,663
3.96875,724,663
4.00000,724,663
